image_width: 320
image_height: 240
camera_name: ardrone_front
camera_matrix:
  rows: 3
  cols: 3
  data: [224.047782, 0, 159.186985, 0, 225.799145, 118.725578, 0, 0, 1]
distortion_model: plumb_bob
distortion_coefficients:
  rows: 1
  cols: 5
  data: [0.191709 , -0.348956 , 0.006174 , 0.002423 , 0.000000000000000]
rectification_matrix:
  rows: 3
  cols: 3
  data: [1, 0, 0, 0, 1, 0, 0, 0, 1]
projection_matrix:
  rows: 3
  cols: 4
  data: [225.224899, 0, 159.504443, 0, 0, 230.928040, 119.388659, 0, 0, 0, 1, 0]
