# oST version 5.0 parameters


[image]

width
320

height
240

[narrow_stereo/left]

camera matrix
224.047782 0.000000 159.186985
0.000000 225.799145 118.725578
0.000000 0.000000 1.000000

distortion
0.191709 -0.348956 0.006174 0.002423 0.000000

rectification
1.000000 0.000000 0.000000
0.000000 1.000000 0.000000
0.000000 0.000000 1.000000

projection
225.224899 0.000000 159.504443 0.000000
0.000000 230.928040 119.388659 0.000000
0.000000 0.000000 1.000000 0.000000

